16 M
16
1 3
2 3
3 3
4 3
5 3
6 3
7 3
8 3
9 3
10 3
11 3
12 3
13 3
14 3
15 3
16 3
0.	108.182	328.122	0.	427.842	199.717	0.	499.252	0.	0.	0.	447.724	0.	0.	0.	199.107
108.182	0.	473.48	0.	485.445	443.6	0.	0.	0.	0.	418.888	135.432	424.695	430.028	0.	325.31
328.122	473.48	0.	180.288	464.669	0.	0.	217.16	0.	0.	0.	0.	227.947	0.	0.	0.
0.	0.	180.288	0.	0.	498.778	279.798	155.463	0.	425.365	126.129	0.	0.	0.	0.	0.
427.842	485.445	464.669	0.	0.	195.611	0.	484.882	0.	0.	0.	0.	0.	0.	0.	0.
199.717	443.6	0.	498.778	195.611	0.	307.459	0.	312.382	233.619	432.663	385.728	0.	0.	481.751	131.896
0.	0.	0.	279.798	0.	307.459	0.	170.039	223.716	0.	0.	0.	131.999	0.	0.	210.609
499.252	0.	217.16	155.463	484.882	0.	170.039	0.	203.248	0.	0.	0.	0.	112.602	406.999	0.
0.	0.	0.	0.	0.	312.382	223.716	203.248	0.	0.	0.	0.	377.047	0.	230.194	197.256
0.	0.	0.	425.365	0.	233.619	0.	0.	0.	0.	0.	256.537	356.893	0.	0.	180.296
0.	418.888	0.	126.129	0.	432.663	0.	0.	0.	0.	0.	0.	0.	0.	0.	444.245
447.724	135.432	0.	0.	0.	385.728	0.	0.	0.	256.537	0.	0.	0.	0.	350.304	0.
0.	424.695	227.947	0.	0.	0.	131.999	0.	377.047	356.893	0.	0.	0.	0.	0.	0.
0.	430.028	0.	0.	0.	0.	0.	112.602	0.	0.	0.	0.	0.	0.	0.	0.
0.	0.	0.	0.	0.	481.751	0.	406.999	230.194	0.	0.	350.304	0.	0.	0.	140.017
199.107	325.31	0.	0.	0.	131.896	210.609	0.	197.256	180.296	444.245	0.	0.	0.	140.017	0.